250	1.84E+06	5.43E-07	1.694	3.666	0.672612594017585
260	1.97E+06	5.08E-07	1.8	4.072	0.705173999753657
270	2.18E+06	4.59E-07	2.129	4.69	0.732089552684876
280	2.36E+06	4.24E-07	3.052	5.258	0.722956410931167
290	2.24E+06	4.46E-07	4.426	5.16	0.684235361230538
300	1.73E+06	5.78E-07	5.055	4.128	0.623487589028101
310	1.44E+06	6.94E-07	5.074	3.559	0.590475835158614
320	1.28E+06	7.81E-07	5.102	3.269	0.574130337860842
330	1.17E+06	8.55E-07	5.179	3.085	0.5656774122022
340	1.09E+06	9.17E-07	5.293	2.951	0.561749318208869
350	1.04E+06	9.62E-07	5.483	2.904	0.565380275909807
360	1.02E+06	9.80E-07	6.014	2.912	0.582911002404122
370	6.97E+05	1.43E-06	6.863	2.051	0.584270801263058
380	2.93E+05	3.41E-06	6.548	0.885	0.546502292447187
390	1.50E+05	6.67E-06	5.976	0.465	0.510973643823881
400	9.52E+04	1.05E-05	5.587	0.303	0.486021027692078
410	6.74E+04	1.48E-05	5.305	0.22	0.466853259650879
420	5.00E+04	2.00E-05	5.091	0.167	0.451521580514203
430	3.92E+04	2.55E-05	4.925	0.134	0.439123248850964
440	3.11E+04	3.22E-05	4.793	0.109	0.428907265346926
450	2.55E+04	3.92E-05	4.676	0.091	0.419585699502722
460	2.10E+04	4.76E-05	4.577	0.077	0.411485950400365
470	1.72E+04	5.81E-05	4.491	0.064	0.404281394203058
480	1.48E+04	6.76E-05	4.416	0.057	0.39787918076254
490	1.27E+04	7.87E-05	4.348	0.05	0.391964732835764
500	1.11E+04	9.01E-05	4.293	0.045	0.387105531276213
510	9.70E+03	1.03E-04	4.239	0.039	0.382264521501647
520	8.80E+03	1.14E-04	4.192	0.036	0.377999091926155
530	7.85E+03	1.27E-04	4.15	0.033	0.374142013737281
540	7.05E+03	1.42E-04	4.11	0.03	0.370428522192012
550	6.39E+03	1.56E-04	4.077	0.028	0.367335936121879
560	5.78E+03	1.73E-04	4.044	0.026	0.364216221196157
570	5.32E+03	1.88E-04	4.015	0.024	0.361451748594409
580	4.88E+03	2.05E-04	3.986	0.023	0.358667134606895
590	4.49E+03	2.23E-04	3.962	0.021	0.356344975212093
600	4.14E+03	2.42E-04	3.939	0.02	0.354106671849336
610	3.81E+03	2.62E-04	3.916	0.018	0.351853614251938
620	3.52E+03	2.84E-04	3.895	0.017	0.349785241326916
630	3.27E+03	3.06E-04	3.879	0.016	0.34820133857332
640	3.04E+03	3.29E-04	3.861	0.015	0.346411479932793
650	2.81E+03	3.56E-04	3.844	0.015	0.344713928379056
660	2.58E+03	3.88E-04	3.83	0.014	0.34330931640043
670	2.38E+03	4.20E-04	3.815	0.013	0.341798625402933
680	2.21E+03	4.52E-04	3.8	0.012	0.340281901015896
690	2.05E+03	4.88E-04	3.787	0.011	0.338962422361468
700	1.90E+03	5.26E-04	3.774	0.011	0.337639001584691
710	1.77E+03	5.65E-04	3.762	0.011	0.336413284699118
720	1.66E+03	6.02E-04	3.751	0.01	0.335285625383299
730	1.54E+03	6.49E-04	3.741	0.009	0.3342575899929
740	1.42E+03	7.04E-04	3.732	0.008	0.33332999879242
750	1.30E+03	7.69E-04	3.723	0.008	0.332400672745742
760	1.19E+03	8.40E-04	3.714	0.007	0.331468651680362
770	1.10E+03	9.09E-04	3.705	0.007	0.330534830393574
780	1.01E+03	9.90E-04	3.696	0.006	0.329598359402392
790	9.28E+02	1.08E-03	3.688	0.006	0.328764393207926
800	8.50E+02	1.18E-03	3.681	0.005	0.328032867790877
810	7.75E+02	1.29E-03	3.674	0.005	0.327300305896179
820	7.07E+02	1.41E-03	3.668	0.005	0.326671301461493
830	6.47E+02	1.55E-03	3.662	0.004	0.326041006227035
840	5.91E+02	1.69E-03	3.656	0.004	0.32540997581366
850	5.35E+02	1.87E-03	3.65	0.004	0.324777930560902
860	4.80E+02	2.08E-03	3.644	0.003	0.324144649551891
870	4.32E+02	2.31E-03	3.638	0.003	0.323510569194358
880	3.83E+02	2.61E-03	3.632	0.003	0.322875469350817
890	3.43E+02	2.92E-03	3.626	0.002	0.3222391901263
900	3.06E+02	3.27E-03	3.62	0.002	0.321602046138182
910	2.72E+02	3.68E-03	3.614	0.002	0.320963878059092
920	2.40E+02	4.17E-03	3.608	0.002	0.320324684364473
930	2.10E+02	4.76E-03	3.602	0.002	0.319684463534747
940	1.83E+02	5.46E-03	3.597	0.001	0.319150063811936
950	1.57E+02	6.37E-03	3.592	0.001	0.318615045243477
960	1.34E+02	7.46E-03	3.587	0.001	0.318079310589019
970	1.14E+02	8.77E-03	3.582	0.001	0.317542858980053
980	9.59E+01	1.04E-02	3.578	0.001	0.317113180903694
990	7.92E+01	1.26E-02	3.574	0.001	0.316683042980187
1000	6.40E+01	1.56E-02	3.57	0.001	0.316252444768591
1010	5.11E+01	1.96E-02	3.566
1020	3.99E+01	2.51E-02	3.563
1030	3.02E+01	3.31E-02	3.56
1040	2.26E+01	4.42E-02	3.557
1050	1.63E+01	6.13E-02	3.554
1060	1.11E+01	9.01E-02	3.551
1070	8.00E+00	1.25E-01	3.548
1080	6.20E+00	1.61E-01	3.546
1090	4.70E+00	2.13E-01	3.544
1100	3.50E+00	2.86E-01	3.541
1110	2.70E+00	3.70E-01	3.539
1120	2.00E+00	5.00E-01	3.537
1130	1.50E+00	6.67E-01	3.534
1140	1.00E+00	1.00E+00	3.532
1150	6.80E-01	1.47E+00	3.53
1160	4.20E-01	2.38E+00	3.528
1170	2.20E-01	4.55E+00	3.526
1180	6.50E-02	1.54E+01	3.524
1190	3.60E-02	2.78E+01	3.522
1200	2.20E-02	4.55E+01	3.52
1210	1.30E-02	7.69E+01	3.528
1220	8.20E-03	1.22E+02	3.516
1230	4.70E-03	2.13E+02	3.515
1240	2.40E-03	4.17E+02	3.513
1250	1.00E-03	1.00E+03	3.511
1260	3.60E-04	2.78E+03	3.51
1270	2.00E-04	5.00E+03	3.508
1280	1.20E-04	8.33E+03	3.507
1290	7.10E-05	1.41E+04	3.506
1300	4.50E-05	2.22E+04	3.504
1310	2.70E-05	3.70E+04	3.503
1320	1.60E-05	6.25E+04	3.501
1330	8.00E-06	1.25E+05	3.5
1340	3.50E-06	2.86E+05	3.498
1350	1.70E-06	5.88E+05	3.497
1360	1.00E-06	1.00E+06	3.496
1370	6.70E-07	1.49E+06	3.495
1380	4.50E-07	2.22E+06	3.493
1390	2.50E-07	4.00E+06	3.492
1400	2.00E-07	5.00E+06	3.491
1410	1.50E-07	6.67E+06	3.49
1420	8.50E-08	1.18E+07	3.489
1430	7.70E-08	1.30E+07	3.488
1440	4.20E-08	2.38E+07	3.487
1450	3.20E-08	3.13E+07	3.486		
